0
1
100
103
105
106
108
109
110
111
112
114
115
119
121
122
123
124
125
133
137
142
146
148
149
150
152
155
158
159
160
161
162
165
166
177
180
182
183
184
192
193
199
207
209
212
214
224
227
231
232
234
237
242
26
260
262
28
282
284
287
293
297
30
307
310
311
316
318
319
32
320
322
327
329
336
337
338
342
343
347
35
353
359
365
369
370
372
38
382
39
395
397
400
401
405
407
41
411
419
423
424
425
43
430
432
434
438
44
441
447
45
452
458
46
47
470
479
487
488
49
494
495
50
505
51
513
516
521
528
529
53
530
532
535
537
539
542
544
562
563
568
57
578
58
580
587
589
590
591
594
596
60
600
603
610
613
616
621
622
623
627
630
637
642
644
646
647
660
663
664
688
692
697
698
700
701
703
709
711
717
723
725
726
727
734
737
740
745
748
750
755
758
76
762
763
764
768
770
771
773
778
779
78
780
791
793
798
799
800
803
808
813
82
822
823
826
830
835
841
842
845
848
850
856
857
86
860
866
867
868
871
875
877
89
892
900
903
907
912
916
917
919
920
922
923
927
929
936
941
943
944
956
958
959
962
964
965
966
967
968
969
974
976
979
983
993
994
996
999
diamond
graphite
hex
